40723224
40823116
40823128
40823139
40823152
40823153
40823218
40823246
40828213
40828236
40828237
40828242
40828244
40840167
40871106
41023301
41023302
41023305
41023306
41023307
41023308
41023309
41023310
41023311
41023312
41023314
41023315
41023316
41023317
41023318
41123101
41123102
41123103
41123107
41123112
41123116
41123118
41123120
41123121
41123122
41123124
41123125
41123129
41123131
41123132
41123133
41123134
41123135
41123136
41123137
41123139
41123140
41123141
41123142
41123143
41123144
41123145
41123146
41123148
41123149
41123150
41123152
41023101
41023102
41023103
41023104
41023105
41023106
41023107
41023108
41023109
41023110
41023112
41023113
41023114
41023116
41023118
41023119
41023120
41023121
41023122
41023124
41023125
41023126
41023128
41023130
41023131
41023132
41023133
41023134
41023135
41023137
41023138
41023140
41023141
41023142
41023143
41023146
41023147
41023148
41023151
41023153
41023154
41039138
40723136
40723217
40732331
40923115
40923130
40923219
40923225
40923235
40923241
40923246
40971219
40971220
41023201
41023202
41023203
41023204
41023205
41023206
41023207
41023208
41023210
41023211
41023212
41023213
41023215
41023216
41023217
41023218
41023219
41023220
41023221
41023222
41023224
41023225
41023226
41023228
41023229
41023230
41023231
41023232
41023233
41023234
41023235
41023236
41023237
41023238
41023239
41023240
41023241
41023242
41023243
41023244
41023245
41023246
41023247
41023248
41023249
41023250
41023251
41023252
41023253
41023254
41023255
51133101
51133102
51133103
51133104
51133105
51133106
51133107
51133108
51133109
51133110
51133111
51133112
51133113
51133114
51133115
51133116
51133117
51133118
51133119
51133120
51133121
51133122
51133123
51133124
51133125
51133126
51133127
51133128
51133129
51133130
51133131
51133132
51133133
51133134
51133135
51133136
51133137
51133138
51133139
51133140
